 000037  000249  000738  001914  002013  002561  002699  002731  005371  005421 
 006442  006758  007199  009136  009705  009979  010235  012304  012426  013350 
 013551  014777  015969  016548  017945  018437  019269  022353  022556  022702 
 023228  023294  023948  024635  025548  025648  025808  026480  026780  027801 
 029456  029642  029825  030185  030374  030466  030507  031565  033848  034216 
 034355  038226  039869  040148  040368  041270  041605  042128  044770  045148 
 045860  046330  046788  046974  047879  048230  048853  049298  050298  050384 
 050546  050901  051031  051129  051673  053094  053119  054524  057371  057503 
 057558  058808  059181  059904  060350  061227  061483  061732  062041  062654 
 063077  065235  066602  066645  066845  067311  067715  068105  068706  069057 
 071059  072404  072704  073180  073317  074404  075133  075341  075468  075698 
 076981  076981  079039  079720  079758  079901  080668  080742  081099  081366 
 081452  082276  083541  083858  084793  085339  085495  086210  086258  086759 
 086813  087537  087655  087706  090191  091376  091716  091818  092894  093286 
 094999  095595  096089  096443  096597  096935  097018  097047  097478  097574 
 097779  098492  098713  099341  099730  099907  099985  101073  101335  101393 
 101833  102741  102914  104198  104504  105378  106696  107652  108517  109073 
 109136  109356  109430  110063  110267  110651  110943  111301  111358  111593 
 111684  112106  112755  112990  113039  113346  114007  115755  116245  116391 
 116795  116854  117052  118682  118956  118985  120148  120808  120875  121439 
 121646  121657  121874  123210  126338  126959  128255  128628  128633  128874 
 129659  130211  130607  130649  130665  133222  134024  134120  134200  134492 
 134738  136641  138313  138455  138975  139184  139843  140029  140749  141904 
 141912  142485  142567  142996  143344  143400  143684  143847  144519  144738 
 144896  145026  145101  145531  147636  148199  148207  149819  152290  152611 
 152962  153330  153665  154022  154105  154966  155810  156150  156436  156609 
 156797  157859  158451  159219  159516  159696  160572  160956  161220  162629 
 164606  164619  164695  164993  165387  165475  166779  167721  168329  169918 
 169991  170289  170391  170841  171491  172886  173411  173751  174252  174731 
 175320  176343  176890  177705  178522  178622  179352  179401  180003  180918 
 181252  181430  182393  182607  183431  183532  183667  183918  184758  186984 
 187012  187509  187562  187609  188147  188303  188567  189650  189987  190016 
 190712  191239  191256  191260  191738  192777  193304  194240  194839  195457 
 195870  196505  197284  197410  197501  198493  200928  202683  203029  203031 
 203493  205970  206213  206580  206812  207233  208737  209432  209680  210421 
 210440  210980  211473  212359  213059  213745  213889  215228  215463  216140 
 217819  217993  218393  220189  220953  221671  222096  222438  222697  222960 
 225071  226167  226555  227493  227774  227869  228342  228384  229964  230161 
 231594  232530  234159  235224  235779  235991  236360  236979  237938  238415 
 238858  239574  243037  243054  243443  244116  244408  244804  246088  246487 
 247206  247869  248495  249753  251406  255518  257736  258313  258753  260338 
 260344  260557  261684  261912  261994  263252  264248  268111  268330  269743 
 270023  270775  271390  272216  273343  274971  275449  276562  278181  278238 
 278307  281000  281012  281182  281546  281919  282134  282206  282473  283774 
 284242  284389  284833  284836  285723  285906  285949  285963  286224  286465 
 286981  287015  287210  287930  288477  289227  289962  290214  290504  290578 
 291060  291404  292010  292498  292623  295346  296347  297691  298193  298385 
 300189  300936  301059  301166  302307  302388  305326  305373  306570  308535 
 310583  310589  311994  312377  313831  314163  314681  315759  315911  317917 
 318007  318164  318556  318651  318887  319439  320039  320085  320348  321133 
 321464  321582  321634  322537  323012  326193  326516  326917  327485  327766 
 327927  328378  329024  329142  329794  330081  330254  330478  331723  332278 
 333620  334143  335579  336129  337437  337562  339186  339254  339708  340577 
 342009  342345  342599  343356  343994  344664  345492  345695  346203  346403 
 346494  346581  347446  347641  348628  350781  351077  351158  352625  352923 
 354419  355028  355050  355719  356374  358692  360334  360399  360592  365756 
 366326  368897  370153  370157  370880  370921  371136  371854  372272  373125 
 373740  374040  374947  375537  375706  375729  376382  377411  377528  377627 
 379281  380663  380999  381836  382590  383055  384627  384856  384976  385513 
 385778  386069  386815  386844  387135  387472  388474  389751  390933  391022 
 391212  392040  392453  393398  395130  397597  398117  399119  399301  399470 
 400799  401571  404802  405862  406230  406367  407498  407831  408355  408521 
 409136  409209  409394  409579  410427  410924  411163  411734  412422  413898 
 414296  416437  417322  417861  419625  420142  420870  421372  422671  422900 
 423299  423624  424575  425447  425925  425941  427529  428213  429537  429712 
 429956  429960  430795  430975  432961  434356  435522  436009  436030  436168 
 437549  440035  440494  440658  441950  442564  442586  442638  444487  444754 
 445568  445667  445980  446031  446497  446658  447647  447716  447957  448401 
 449018  449120  449375  449454  449687  450692  451710  452420  455468  457692 
 458590  459029  462693  462775  463415  463670  464105  464360  465276  465388 
 466016  466586  466986  467306  467519  467753  468219  468318  468575  469456 
 469548  469910  470854  470900  472450  473074  473273  474142  474186  474550 
 474997  475860  476323  478023  479201  479393  479488  479835  480385  480866 
 481278  481817  481900  481942  482121  482401  482841  484119  484154  484433 
 486383  486840  486902  487098  487335  487790  489169  489247  489269  489462 
 490814  491629  492336  492402  492559  492649  492938  492978  493484  493585 
 494004  494440  495602  497362  497995  498276  498584  499537  499914  500921 
 502305  503509  503826  504458  504670  505141  506189  506210  506659  506678 
 506855  509447  510058  511209  511749  512159  512666  514177  515074  515099 
 515479  515662  515952  516874  517012  517112  519844  520667  522321  522530 
 522563  522642  523079  524922  525397  527243  527700  528431  529692  530118 
 530178  530617  531179  531529  532739  533296  534782  535444  535687  535808 
 535935  536559  537422  537486  538908  540944  541101  542156  542551  543070 
 544428  545191  545798  546021  546385  546486  546528  547568  548335  548346 
 550476  551112  551400  551825  553001  553561  553702  555354  556747  557250 
 558059  561944  562133  562431  562479  566344  566434  566856  568983  569268 
 569350  569784  571245  571260  571567  572297  572630  573996  575137  576211 
 577163  577358  578085  578781  578939  580727  580920  581728  583946  584339 
 584847  585645  587060  587067  587279  588601  589099  589914  589986  590473 
 590618  591699  593270  593587  594255  594995  595700  596759  597153  598071 
 598160  599763  599938  600379  601864  602680  602859  603049  603793  604060 
 605470  607561  607720  607882  608960  609396  609556  609678  609828  614389 
 614563  614920  615319  615602  616358  618083  618438  618502  619575  620635 
 621262  621349  621427  622268  623369  623588  625489  625955  626276  627300 
 629051  630399  630709  630934  631537  631666  632981  633365  633534  633935 
 634042  634446  634933  635121  635399  635822  636218  636274  636633  637097 
 637840  639094  640013  640192  640538  640573  640926  641288  641429  642446 
 644605  644770  645643  647175  649324  649513  653740  654194  655660  655794 
 656844  659088  659586  661181  661820  662640  662684  663469  663647  663672 
 663853  663872  664378  664797  664847  667416  667490  669047  669129  669926 
 670011  670980  671818  671926  672620  672750  672840  672879  672993  673111 
 673872  674344  674496  675216  675967  675985  676392  678972  679143  679279 
 679550  681170  681613  681818  682520  682591  682636  682965  684437  685787 
 686238  686687  687474  688469  689274  689518  690044  690175  691025  691941 
 692260  692923  693131  696911  697232  697324  698577  699271  700722  701211 
 701229  701928  702170  703032  703120  704021  706788  707298  707579  707726 
 707947  708041  708357  708376  710467  711646  711760  712150  713328  713400 
 715098  715121  715346  715417  717275  717361  717530  718763  719032  719034 
 719343  721442  721764  722662  722828  722912  722956  723028  723106  723254 
 723531  724069  724877  725682  725766  725791  725935  726034  727328  727876 
 728606  730177  730398  731151  731283  731371  732027  732772  733246  733274 
 734192  735080  735290  735310  737255  737715  738067  738174  739940  739993 
 740175  740471  741110  741177  741181  741183  741205  741239  741526  742557 
 743966  745897  746192  746323  747105  747565  747614  748616  749263  749559 
 751074  752129  752753  753332  753808  754289  754509  754674  756075  756310 
 757200  758419  758618  758801  759271  759368  759555  759752  760032  760063 
 760519  761208  761705  761983  762600  762973  763419  763804  765023  765645 
 765960  766409  766412  767513  768249  769423  769525  769841  770402  771864 
 772451  773296  773917  774666  776267  777336  777762  780306  780473  781866 
 782303  784669  784816  785065  786845  786878  787806  788799  789003  789370 
 789883  790488  792634  794458  795791  795946  796455  796471  796905  797112 
 797233  797669  798015  798969  799497  799884  800780  801085  802176  802713 
 804759  804859  806400  809507  809770  810333  810726  811620  812741  813272 
 813680  813949  813956  814154  815560  816623  817646  818259  818554  818923 
 819600  820814  821053  821413  821962  822830  824318  825182  825636  826218 
 826638  828797  828886  830907  831456  832011  832916  833403  834209  836769 
 837237  837978  838130  839184  840055  840128  840925  841683  841949  842453 
 842863  843106  844460  844547  844914  845340  845681  845694  846376  847416 
 848021  848551  848561  848638  848905  852652  852986  854009  854248  854473 
 854948  859367  860616  861111  862381  863473  863687  864202  866254  866415 
 866758  868269  868439  868761  869800  870454  870622  870992  873199  873407 
 873977  874502  874576  875126  876665  876888  877479  878427  879659  880467 
 881155  883739  883823  883906  884206  884356  885691  886530  886638  886894 
 887787  888130  888266  889044  889361  889376  890171  891120  892004  892379 
 892877  893721  895064  895249  895491  895629  896111  898940  899888  900887 
 902325  903216  904112  904597  905996  907342  908079  908487  908886  909005 
 909306  910419  910716  911710  912096  912774  912884  913122  913714  913967 
 915502  915555  916152  916382  916549  918014  919213  919756  920399  920542 
 920688  922334  923464  924833  924840  925047  925320  925332  925648  926531 
 926574  926948  926969  929061  929338  930185  930973  931025  931557  931639 
 933157  933195  933801  933941  936411  936550  937070  937225  937234  939802 
 941629  942016  942469  942896  943300  943887  944055  944352  946799  947754 
 948913  949555  952740  953545  955093  955344  955777  955950  956420  956557 
 957419  957754  958039  959447  959574  960195  960365  960990  961360  961598 
 961679  963511  966822  967224  967465  968143  968832  969231  969696  970704 
 971015  971343  971764  971882  972333  973412  973456  973537  974280  976231 
 976304  976615  977167  978287  978288  979996  980001  980867  982667  983109 
 983772  984222  985482  985997  987407  988363  988409  988482  989672  989896 
 990111  991301  991400  992913  993190  993290  993688  993766  993866  993952 
 994073  994719  995373  996161  996423  997507  997811  998453  998532  999336 
