 158317  061135  288508  864353  793495  393520  388661  947616  663704  878926 
 552043  805616  403064  019179  031133  852363  298659  401213  831880  503985 
 457235  319285  822702  565308  570182  407437  235468  548497  731738  053146 
 056539  462350  516071  083796  525105  600456  543637  928860  985092  504611 
 391313  882012  322121  946341  347307  836840  415535  043805  159707  078789 
 554137  715450  205332  664926  252985  271793  006484  315511  013845  241515 
 813706  000535  837750  792941  928610  683923  637022  058642  120692  312813 
 538244  311136  898934  430362  491705  941395  334757  343750  709694  218248 
 879308  429718  882627  437208  017602  551632  836775  939164  202135  518347 
 976519  544464  824379  099648  610627  550298  451199  170170  426408  986429 
 432175  166898  247703  816201  560530  455171  732942  321651  329663  708819 
 808376  126057  395586  297489  298911  497298  683142  410227  994751  133123 
 067767  974147  184777  635631  278086  287967  124303  771696  963382  900577 
 673865  095458  304106  311169  942646  652817  469275  294264  145437  725239 
 585083  325236  065134  469513  868165  580391  257609  377357  419723  920493 
 411407  933584  635456  624494  886916  802729  608620  430221  343989  576432 
 596865  763588  677311  254319  234790  768096  906038  993919  561492  024970 
 155923  508284  222855  896146  707005  864264  102398  217099  966232  677647 
 440053  124615  581347  489720  294383  948213  992518  049980  143299  394779 
 441650  520532  771765  746728  589876  406932  392395  388001  386781  432095 
 487346  698991  518257  240521  037612  262254  882968  144296  105979  497932 
 103884  720054  220768  845964  307938  981725  705944  252571  477484  690472 
 548579  998657  864555  370547  706024  054689  523820  317518  220750  202505 
 602392  391423  916832  300478  191605  560263  965222  197021  722351  786839 
 522646  237327  267723  705780  662029  787012  779391  622659  908597  440540 
 619905  703446  971252  723282  428634  019828  069615  054611  854328  377535 
 428310  063200  299752  409594  268921  966124  304373  942227  524534  454300 
 717551  840663  533443  358740  830188  580268  758303  586615  788772  588186 
 100513  511457  160657  232207  594828  855377  234188  232336  776894  987561 
 100528  656927  352695  667476  786642  633256  104916  402914  621759  815901 
 898431  539789  954671  178814  137485  990568  298139  521988  536259  944241 
 754711  106177  288003  908555  636316  382105  207170  845461  262172  367370 
 508669  153388  394702  741096  925744  033759  336205  006642  648405  620573 
 518825  971570  549353  228241  246272  985670  215098  039216  735999  145789 
 652986  472740  261759  715234  852954  829119  426050  854609  488443  887618 
 572464  433316  482598  473124  677141  368916  690881  147641  321494  261299 
 041528  412450  328866  786980  007218  386138  362646  164478  581623  295628 
 502218  312972  869827  886680  585718  081770  746249  307637  855923  915959 
 114687  692437  478585  929167  658065  389542  136098  534350  049378  948769 
 225487  592863  721782  292014  571544  601118  526884  647718  362516  791739 
 835732  149694  891238  845473  583444  802894  391340  372882  541414  246153 
 372761  408401  802422  481057  401012  527613  332276  929294  253254  500860 
 480220  526925  052119  533307  582217  479346  475488  638624  490397  070593 
 737166  596211  651663  498561  896257  941829  438286  077951  079807  310353 
 558237  594519  509032  389552  277525  097257  374685  443895  014727  602310 
 752903  582599  060798  302522  969081  222934  943455  830185  278040  789795 
 833901  390761  078975  852756  307052  295628  035541  541796  060508  261199 
 507985  877366  407705  629748  303805  209193  891734  455799  941937  704731 
 395105  526293  464065  178286  611535  090102  037051  919279  820851  425142 
 155260  328078  574064  553892  279774  882121  389502  023915  069746  877032 
 325892  753794  293808  519548  873501  951641  594638  854166  425488  106352 
 155602  199695  016537  338034  013756  565450  837602  459668  473118  304910 
 121292  205742  345924  423468  890178  064078  464341  505939  114246  123251 
 982246  368273  602805  068879  557591  805086  399152  627129  405411  031078 
 464588  625821  607263  895464  931026  905699  954082  880210  543657  961158 
 274899  849070  281309  747095  961717  635393  976255  390299  597895  845493 
 947213  159849  908317  777765  470928  023028  555518  668470  997921  163516 
 738417  543069  039691  617120  215219  534865  831601  101658  262696  593861 
 234813  940754  659307  785580  637152  558724  722810  599460  450645  306342 
 066499  170473  813284  561249  551302  696196  249500  237683  986261  971701 
 783270  089512  744568  519045  928418  970116  829396  480016  450531  115547 
 864643  041508  382442  157912  872688  623367  666354  429489  036007  877897 
 759263  111762  828450  450365  848787  595511  920326  360521  290060  836558 
 079876  263617  856675  777151  841227  084932  074642  666227  459966  560033 
 240834  324615  432059  616630  310470  468718  220890  170827  077257  655848 
 853541  205866  335113  148141  879499  384420  491378  032283  158589  316363 
 617356  792125  985384  192277  611654  991602  327144  834025  176411  403758 
 446451  955733  609890  798909  786761  821769  772017  174401  176036  972868 
 289990  274858  574778  445200  365124  303314  196658  510746  267524  651823 
 782227  826767  792058  693403  113383  658307  792478  036350  797411  290336 
 831130  480430  224510  413561  623621  041016  606072  235151  247667  335407 
 325683  598708  106813  856800  122280  585909  624026  326773  022504  399411 
 632030  215605  168041  548536  378707  761969  945276  365962  215954  808391 
 931268  664718  563857  977889  317948  232608  812864  231379  995881  193861 
 775772  041204  533473  925583  657933  955533  102059  796009  535162  627302 
 551049  257989  368317  212417  317524  422707  574901  650522  566030  223270 
 673697  353137  166702  215403  376271  578646  174910  015914  835313  885629 
 014912  851735  456530  176401  026193  213427  736665  609837  369294  964649 
 132135  540751  531139  530237  135567  318294  277991  981714  537657  919820 
 954326  868239  449016  505237  297194  027096  695982  258803  239058  268689 
 154707  428599  274974  700269  070319  632931  962747  565038  615270  271812 
 870826  076320  116954  401855  692214  164919  925268  059133  674961  344560 
 258999  594278  194947  230230  590089  847206  912456  157815  252887  671574 
 836643  949752  395282  298754  950384  550837  952439  591254  204782  805587 
 913129  063265  070376  594271  376718  938307  793049  246175  862210  677302 
 877556  938903  811894  359729  608458  783224  458261  949330  996830  055367 
 858561  697409  012447  610375  373077  297086  064325  596279  182935  713089 
 729325  351825  042083  034655  747531  580602  768921  986502  369575  911367 
 555869  966724  045736  937155  134636  956795  828459  047555  330113  414246 
 106659  742697  921873  322460  793127  377591  063313  606758  707463  011596 
 982329  626856  621496  645035  604617  564053  892131  087863  877225  219913 
 231889  662035  046086  505656  339061  176558  132500  302760  096193  612581 
 855995  956485  356059  307558  400641  742029  482307  574730  184196  035783 
 395332  961559  832040  565370  853756  552957  776173  953846  568836  194193 
 354457  588398  604747  744459  240129  407371  750382  630067  943358  346113 
 109910  835952  975037  125880  304757  069413  513688  968416  435902  897122 
 033656  738235  847779  524606  202344  121890  387640  697386  385982  347747 
 130510  885040  632219  133228  336293  219808  306171  985230  255370  619354 
 262040  896664  495230  869782  901469  062113  702372  373556  238726  861450 
 929728  459447  376397  833155  270555  031453  490917  447119  297401  343062 
 768327  373957  022068  031158  065414  702625  461540  246586  868220  295440 
 946584  290966  265381  048460  183590  171137  744790  191686  435063  024952 
 394594  486088  748975  185029  259279  582765  128216  259717  092251  882198 
 736508  218345  214768  299963  950391  789536  167650  953493  024352  152971 
 727700  771450  455469  425067  326964  533154  092585  004775  828595  804382 
 790524  609607  001118  540376  427045  385867  072208  266731  457533  477945 
 099914  653528  730529  431792  441654  058836  488447  080423  154234  375157 
 923477  338021  239714  489463  401123  489504  185494  542188  173820  279752 
 774007  331097  426769  934322  159968  367707  481873  972656  031035  315301 
 196263  544384  519771  559542  507025  624392  956244  638163  889145  981186 
 355710  647832  002395  113272  740892  366515  660384  750148  624793  742180 
 493649  613558  629275  727042  884664  433032  784119  539139  868287  905665 
 678710  407555  813594  359253  833695  919106  724295  174470  544954  754217 
 657150  603978  133333  807859  980209  202222  041146  483812  121316  146555 
 165109  742059  148101  437816  803876  920096  962904  838378  832356  736185 
 164699  837583  283694  625764  633160  914414  757186  687756  215320  960350 
 996020  738608  900656  817112  647768  105114  073150  226817  087509  728761 
 494188  035232  474092  455523  965979  744110  719251  428986  064350  683508 
 972927  111193  749635  097695  291183  444168  912583  993767  319493  449711 
 032150  782591  863988  463776  057092  005661  788723  327335  691848  404620 
 928066  933174  879111  235152  054941  934308  634614  609815  096939  914327 
 687923  748628  842438  799256  999188  589971  367728  817456  581235  060666 
 501295  778853  143488  190668  188536  268194  573135  824086  578098  058754 
 262380  237512  064856  217434  611402  555953  899211  499653  977950  158844 
 527404  264656  610873  761628  327701  174874  803117  591308  160706  142727 
 569502  688293  712274  738689  044443  037005  425181  725003  865117  457481 
 538695  850415  328451  272581  367471  505036  875819  816706  687967  489846 
 172926  056458  661978  564093  070656  187678  470199  542688  148329  982828 
 452709  950611  828521  851025  562023  005606  593385  121432  816434  947873 
 161260  654109  034314  135847  858823  257922  321335  563643  040844  326713 
 311089  058724  631540  088684  728695  477489  417138  740555  229397  504501 
 553225  684713  798009  420661  283291  340032  196338  134248  319535  067106 
 762671  547120  403122  617509  210011  116905  720345  950495  368651  321020 
 299795  967372  564201  165972  162897  092531  062476  677065  753604  404068 
 215112  316724  684600  736435  180952  317309  463076  199803  240827  466969 
 051194  294758  627184  485825  423828  543461  649236  794764  198188  261273 
 544124  040432  538353  363745  706487  905213  739662  324883  484423  086812 
 538535  585930  265964  645125  707543  347333  806188  637794  875546  541884 
 512072  983766  358780  077619  860014  134542  750357  905929  273998  772721 
 446564  822675  963700  233546  591758  433142  045756  392982  966682  058178 
 203266  188448  077171  802824  345716  839391  484267  027453  204379  628402 
 899160  955630  381471  793590  120587  978231  995478  675575  137780  828128 
 873148  391479  687609  712027  781262  535332  400028  237065  978145  284053 
 623542  606589  557990  985023  561596  662655  203832  641036  814896  758273 
 365236  690175  038395  327456  850839  464526  025124  979119  473223  240366 
 418587  185838  989802  475058  307435  296210  351960  638262  315696  950109 
 167343  485475  502879  729306  172667  224504  622070  606715  752912  846253 
 873199  906202  054728  747913  163996  050910  401759  432342  525681  957029 
 728495  844012  111029  723891  431302  522375  698651  981547  365026  527050 
 466029  718438  061163  152222  219059  462050  904866  841451  474674  992849 
