 000791  001071  002387  002698  003093  004487  005116  005157  007240  007404 
 008221  009517  010489  011346  011490  012480  012576  012966  013496  014428 
 017326  017862  018215  019086  019118  019352  019989  020061  020259  020933 
 021340  022825  023302  023672  023907  024309  025319  025415  025873  026483 
 027376  027601  027750  028215  028233  028275  029579  029951  030993  031236 
 031731  032147  032478  033058  033198  033486  035898  037010  038716  038987 
 040279  040308  041524  041978  043163  043957  044164  044224  044733  044957 
 045538  045980  046739  047029  048140  048739  049191  049501  050714  050913 
 051014  051524  051533  053595  056033  056247  056925  057393  057794  057858 
 058701  058809  059039  059367  060076  060196  060497  061151  061487  063522 
 064687  064712  068001  068060  068862  069175  070539  074159  075012  075745 
 076366  076593  078522  079368  079406  079416  079427  080274  080354  080665 
 081513  081873  082099  082818  083128  083398  083446  083710  085434  085795 
 085812  086927  087437  088700  089265  090369  091250  091651  092724  093249 
 094029  094175  094282  094535  096722  096761  097960  098189  098263  099741 
 100385  101044  101828  102020  102057  102281  102313  102806  103141  103196 
 103247  104061  104423  104490  104534  105338  107209  108909  109641  110193 
 110217  111504  111794  112022  113143  113917  114503  114737  118402  119895 
 120154  120952  121024  121095  121748  122933  123453  123958  125483  125903 
 126135  126719  127141  127541  128463  128720  129312  129531  130747  130977 
 131373  133998  135141  135776  136356  136414  137318  137401  137523  137685 
 139804  140879  140952  141173  143127  143933  144673  144852  146165  147520 
 148465  149861  152472  152556  154420  155236  157047  157669  157726  158822 
 159237  159457  160307  161026  162564  162764  163452  164492  164760  165209 
 165943  165961  167640  168169  169242  170872  170966  171932  172122  172369 
 172898  173631  174082  174106  175227  175814  175901  177842  178033  178479 
 178673  179926  180335  180966  181260  181449  182020  182563  182607  182815 
 183052  183751  183966  184374  184798  185493  185717  185992  186570  187141 
 188113  188602  189273  189440  190866  191359  191835  195795  196154  196301 
 197133  198875  199068  200030  200335  201389  201669  202088  202356  202604 
 203154  203712  203927  204436  205243  205642  206624  207194  208508  209227 
 209681  209705  209954  210642  211658  211893  212537  212624  212691  212787 
 214032  215165  215750  217495  218115  218126  219049  219417  220109  220980 
 221764  221785  223051  223408  224092  224229  225870  226214  227921  228227 
 228882  230242  230493  232316  232322  232466  233590  234560  234918  235459 
 235494  235529  236916  237541  237612  237686  238601  239039  239951  240451 
 241562  242484  242890  243128  244803  245970  246158  246911  247261  247396 
 247576  249019  249595  249733  250734  251493  251578  251647  251744  251946 
 253012  256110  256156  256288  256677  257659  258564  260183  260212  261192 
 261784  261928  261953  263280  264400  265659  265718  265921  265927  268553 
 268733  268918  270428  270707  271567  271959  272102  273969  274174  275638 
 276364  276975  277119  278198  278216  279459  280178  280535  280673  280996 
 281459  281634  282004  284565  284897  285813  289176  289438  290377  291059 
 292037  293257  293425  294117  297725  298826  299270  299548  300689  302420 
 302911  303573  303686  304807  304884  305049  305539  310302  310471  310835 
 311148  312626  314009  314092  314142  314280  314944  315564  316262  316595 
 317972  318035  318488  318594  318855  322662  323020  324314  324660  326082 
 327921  331063  331485  333331  333516  333662  334778  335065  335238  335355 
 335515  336292  337355  338096  338398  338966  339395  339632  339958  340058 
 340783  340819  341546  341901  342189  342442  343312  343886  344277  344803 
 346053  347159  348424  348596  349497  350931  351438  352090  352245  352531 
 352625  353357  353919  354052  354302  354822  357994  358765  359281  359683 
 360382  361551  362196  362205  362640  363364  364379  364424  365174  365307 
 365316  366866  369491  369831  370241  370266  370334  370532  370922  371052 
 371299  372237  373423  373850  376178  376803  376825  377552  379127  379310 
 381093  381546  382277  384019  384185  384429  384756  385815  385971  386942 
 387111  387802  389123  390196  390610  390905  393395  394427  395450  395840 
 395981  396488  398928  399804  401020  402535  403259  404757  404865  409314 
 410783  411096  411566  413637  413952  414568  415569  415649  415766  416142 
 416216  416511  417143  417805  417929  418357  421516  421636  422373  423357 
 423531  424022  424223  426098  426510  426705  427414  428281  429289  429604 
 430190  430760  431338  431416  431524  432695  433023  433465  434386  435430 
 436233  436595  437946  438119  438973  439729  440260  443447  443900  444156 
 444538  444973  445683  445918  446227  446291  446352  446975  447447  449056 
 449354  449973  450058  451235  451938  453013  453139  453703  454257  454292 
 454390  454950  455755  455971  456010  456867  458353  460284  460311  460474 
 461505  461985  462929  464035  465529  465752  466000  466129  466907  466943 
 467333  467768  468267  468274  468606  468788  469117  469204  470133  471373 
 471919  472415  473024  473104  473439  473670  474864  474894  474953  475637 
 477510  481532  481646  482055  482981  483366  484674  486862  487622  488934 
 489180  489577  489768  490052  490097  490669  491719  492269  492465  493934 
 495013  495132  495423  495478  495565  496551  497515  499560  499912  500553 
 500676  500864  501409  502028  502330  502350  503064  503609  503918  505625 
 506258  508607  509009  509437  509500  509972  511640  512277  512333  512439 
 512502  513013  513680  513973  515478  515530  515730  515966  516617  516624 
 517635  518259  518603  519729  519812  521709  523488  523872  524199  524766 
 526963  527003  529693  530233  530525  531458  532267  532601  533096  534271 
 534385  534496  534552  535106  535328  535534  535925  538807  540669  540712 
 541199  541595  542534  542572  543096  543600  544563  545338  545517  546345 
 547096  547282  547833  547995  548506  550918  551452  552174  552299  553239 
 553481  553484  554459  556016  556883  556887  557349  558221  558593  559755 
 559980  560461  562761  563163  564525  564687  565086  565358  565440  565598 
 566200  566226  566487  566568  568523  568567  568598  568629  568881  569213 
 569752  570150  570515  571827  572232  572438  572807  573073  573100  573347 
 573459  573945  575365  575641  576317  576658  576892  578032  578039  578585 
 578634  579465  581042  581656  582126  582311  583127  583642  583987  584590 
 585202  585365  585919  588634  589228  589753  590241  590275  590947  591172 
 591219  591444  591636  592619  593994  594051  597105  598227  598237  599431 
 599485  600196  600652  601677  602166  603555  603678  603714  603774  603786 
 604097  604498  605741  605819  609030  609227  609260  610000  611268  611800 
 612094  612101  613555  613784  614454  614466  615248  615505  616544  616820 
 619146  619667  620256  620286  620308  621096  621434  622446  623890  624194 
 625396  626343  627086  627170  628172  628776  628892  630304  630581  631080 
 631287  631504  631522  631717  632572  633364  633575  635489  635807  636284 
 636524  636735  638773  639056  640020  640063  640155  641195  642823  643967 
 644897  646473  646484  646499  647621  648382  648890  649360  649484  650022 
 650697  651548  652531  653310  654295  654709  654989  655185  656459  656668 
 657605  659558  659719  660577  660801  661359  665267  666274  666530  667275 
 668201  668621  669205  669541  670211  670974  671954  672868  673301  673493 
 673724  673996  674522  674763  675935  677580  677692  679379  679911  680703 
 681368  681504  681828  682788  683204  683302  683713  683746  686003  687070 
 687677  689544  689784  689934  690547  690873  691462  694386  694855  695392 
 695430  696323  696502  696521  696769  696866  697732  697929  698097  698875 
 699139  700096  700913  701441  701804  701866  702290  702532  705432  705604 
 705878  706233  706448  706546  706961  707454  708069  708157  708538  708605 
 709181  709692  709710  709808  709821  709847  710414  710806  712181  712224 
 712940  713483  713976  714039  714086  714741  717977  718048  718181  719955 
 720419  720479  720479  720534  721128  722042  722162  722713  722998  723668 
 723915  723992  724623  724913  725712  726561  726734  728136  728639  728787 
 729848  729914  730480  730653  731465  733016  733158  734039  735306  735698 
 735786  735960  736171  737139  737286  737911  738414  738550  738966  739608 
 740027  740838  741081  741223  741754  742107  742343  742652  743160  744837 
 747413  747858  747945  748023  748833  749130  749755  750560  750768  750990 
 751576  751711  751883  753294  753459  754348  755651  755664  756204  756271 
 757438  758547  758632  758641  758781  759996  760142  761484  761693  762447 
 766345  766940  767244  767337  767345  768072  768978  769064  769383  769649 
 770710  771073  771117  772480  773753  773947  774367  775095  775576  776498 
 776528  776933  777719  777895  780482  780846  781745  781840  782074  782288 
 782364  782473  782973  783332  783998  784000  784099  784729  786067  787776 
 787881  788127  788206  788248  789167  789415  789423  790210  791575  791993 
 792815  793609  794230  794346  795181  795298  795344  795412  796465  797511 
 798046  799107  799470  800163  800253  800990  801739  801937  802304  802541 
 803007  803624  804667  805340  805775  806941  806987  807070  808699  808865 
 809052  809212  809639  810333  811985  812170  812614  813268  813342  813394 
 813499  816363  816918  817173  819897  820846  820972  821779  822830  822874 
 823141  823715  824277  824619  825285  825324  825615  826602  826795  827584 
 828557  828808  829091  830684  831380  831560  833277  833305  835474  835581 
 836174  837804  839001  839025  839209  839844  840477  840741  843959  844173 
 844473  845855  846514  846810  846868  847276  847439  847945  849247  849806 
 849973  850786  851175  851202  851253  851365  851738  852586  854055  854609 
 856654  858901  858980  859116  859698  860239  860447  863153  864326  866419 
 866657  866905  868326  868642  868969  869548  869992  870487  871350  871652 
 872999  873319  874351  875322  876010  877210  878048  878741  879122  879182 
 881167  881176  881504  881543  882719  883642  885228  885373  887463  887618 
 888461  888710  888960  889179  890902  892115  892225  892245  893696  894517 
 895070  896145  898479  898805  899184  899466  899860  899996  900281  900409 
 900502  901177  901260  901877  902258  903204  904765  905430  905650  906907 
 909503  909555  911752  914450  914475  914913  915333  915388  916978  917220 
 921267  921602  922486  923308  923837  923926  925188  925384  925631  927330 
 927929  929383  929505  929603  932168  932541  933735  934101  934236  935160 
 936912  937377  937610  938251  938324  939274  939339  939367  939516  940271 
 941467  941801  941894  942277  942863  943061  943247  944041  944119  944204 
 944669  945473  945688  945875  945907  946429  946556  947384  948139  948414 
 948551  949502  949650  949916  951824  952301  953303  956337  957483  958520 
 960292  960391  960526  960840  961053  961122  962169  963112  963971  964427 
 964501  964538  966275  966890  968345  970007  970555  971046  971453  971767 
 972117  972650  973299  975754  976367  976598  977667  977672  978356  978607 
 978874  980692  982170  982238  982375  982923  983197  983575  983726  984213 
 984456  984688  984778  985189  985956  986481  989294  989842  990182  990910 
 992884  994099  994950  995617  995921  996099  997237  997474  998925  998954 
