00002723  00019778  00095059  00206601  
00224621  00327352  00420007  00481447  
00655750  00708747  00791797  01153373  
01171581  01245627  01318303  01320444  
01414103  01466156  01517426  01565577  
01566918  01615987  01723912  01792274  
01986827  02038644  02076380  02156741  
02190976  02360666  02439151  02490469  
02593431  02625280  02674251  02718895  
03396493  03432922  03544755  03705752  
03808620  03897818  03953576  03955445  
03985181  04085756  04327499  04345978  
04501124  04533332  04595101  04627425  
04649107  04652846  04734440  04742941  
04888681  05037209  05101933  05171857  
05181082  05265662  05446027  05911841  
05970318  06003960  06029214  06611191  
06611514  06648362  06690813  06714003  
07028141  07142565  07280545  07560105  
07773684  07968538  08094989  08133081  
08266097  08273613  08301364  08343139  
08770224  08791066  08833076  08920678  
09068783  09238342  09315548  09323640  
09341820  09346401  09403928  09467547  
09537570  09573173  09802680  09918508  
