07142565  01414103  06611514  02439151  
01986827  01566918  00002723  05970318  
08920678  08133081  09573173  05446027  
00224621  09346401  01318303  03985181  
00206601  00708747  08343139  03897818  
05181082  04327499  03432922  06029214  
00095059  08791066  07280545  05171857  
00327352  00791797  07028141  02625280  
09403928  08273613  03953576  04595101  
07773684  01171581  01153373  05265662  
03705752  06690813  01615987  03544755  
01517426  07560105  01792274  04888681  
02718895  09068783  04649107  02490469  
02674251  01565577  05911841  04085756  
08301364  04501124  04652846  05101933  
03808620  06648362  09537570  08094989  
09238342  07968538  08833076  04627425  
00420007  06003960  04533332  08266097  
03955445  01466156  08770224  04345978  
02593431  09467547  01320444  01723912  
00481447  02156741  01245627  09918508  
09802680  09341820  09323640  06714003  
06611191  02038644  00019778  03396493  
02360666  02076380  04734440  02190976  
09315548  00655750  04742941  05037209  
