00000013  00000058  00000282  00000481  
00000592  00000670  00000794  00000797  
00000836  00000856  00001157  00001164  
00001243  00001248  00001333  00001493  
00001667  00001790  00001907  00001968  
00001984  00002090  00002111  00002132  
00002240  00002274  00002290  00002384  
00002404  00002435  00002554  00002642  
00002654  00002812  00002932  00003000  
00003055  00003170  00003326  00003369  
00003416  00003634  00003655  00003731  
00003820  00003838  00003867  00003910  
00004225  00004274  00004397  00004520  
00004533  00004553  00004620  00004778  
00004820  00004912  00004922  00005085  
00005307  00005396  00005447  00005458  
00005516  00005735  00006090  00006137  
00006164  00006199  00006527  00006552  
00006594  00006605  00006808  00007184  
00007225  00007465  00007540  00007567  
00007859  00007924  00008021  00008411  
00008447  00008492  00008519  00008682  
00008691  00008764  00008818  00009075  
00009117  00009157  00009304  00009455  
00009665  00009748  00009875  00009934  
