00003820  00003055  00007465  00004912
00003000  00000836  00004397  00000481
00003326  00002654  00005307  00003731
00006605  00007859  00002404  00009075
00005447  00005085  00000592  00009934
00003170  00000058  00004553  00006164
00004778  00002642  00008519  00003867
00009875  00009117  00003838  00009455
00004620  00001157  00003369  00002274
00008818  00003910  00007225  00009304
00006594  00002435  00005516  00007540
00003634  00008691  00009665  00005396
00006527  00008411  00007567  00001790
00000794  00006137  00002132  00004274
00004520  00005735  00006199  00006552
00009157  00006090  00002932  00002812
00002290  00000013  00007924  00001667
00001333  00008447  00008492  00002111
00001248  00001493  00002240  00001907
00008764  00004820  00001164  00002090
00005458  00003416  00001968  00007184
00000670  00000282  00001984  00008682
00001243  00009748  00003655  00000856
00004922  00006808  00008021  00002384
00004225  00004533  00002554  00000797

